369979
306453
335326
188078
152255
310121
15335
191533
215778
33489
298586
226984
56592
578591
201463
549171
63973
119134
209142
308264
35825
177420
158222
195306
95707
379841
323709
60647
254033
152106
14108
390463
196650
299457
103522
535952
130320
290261
112093
368679
459440
441861
466118
559185
279558
313055
563311
291528
215287
549887
321846
460837
417846
42837
86249
205230
121196
319530
344831
88349
540789
442968
350405
240049
54959
192782
460623
40517
471483
151733
26174
99965
25202
232550
515025
427500
89210
310843
31748
67660
63726
544121
198271
363188
201887
281591
40711
469543
435047
27226
107990
45959
569464
52871
177338
443797
246199
437910
195542
262262
